-5.333	-0.677	-1.067	-1.101	1.060	-0.017	0.563	0.085	0.280	0.078	0.109	0.133
-3.114	-0.293	0.671	1.310	0.435	0.119	0.109	-0.456	-0.088	-0.034	0.051	-0.009
-2.997	-0.360	0.212	1.117	0.204	-0.017	0.120	-0.469	-0.149	-0.018	0.184	-0.208
-2.591	-0.928	0.863	2.321	-0.095	-0.076	-0.270	0.306	0.240	-0.192	-0.168	0.005
-2.588	-1.037	0.686	1.461	-0.347	-0.098	-0.447	0.345	0.083	0.021	-0.043	-0.005
-3.027	-1.400	0.284	-0.440	-0.633	-0.538	0.252	-0.343	0.042	-0.132	-0.247	0.020
-3.095	-1.069	-0.472	-0.144	-0.304	-0.059	-0.147	-0.025	-0.217	0.150	-0.077	-0.088
-3.113	-1.181	-1.068	0.242	-0.232	0.141	-0.211	-0.008	-0.038	0.203	-0.060	0.087
-2.130	2.356	1.503	-0.858	0.284	0.070	0.020	0.246	-0.171	0.095	-0.123	0.060
-2.510	2.525	1.542	-0.105	0.653	-0.087	0.222	0.228	-0.305	0.078	0.024	0.035
-0.463	1.992	1.090	0.206	-0.617	0.084	0.138	-0.186	-0.202	-0.421	0.069	0.174
-1.098	2.094	0.496	-0.198	-0.376	0.127	-0.126	0.299	-0.071	-0.122	0.112	-0.115
-1.438	1.527	-1.059	-0.788	-0.734	-0.124	0.015	-0.060	0.264	0.185	0.156	-0.057
-1.137	1.241	-2.200	-1.404	-0.953	0.200	0.033	0.063	-0.075	-0.002	-0.058	-0.009
-0.334	1.034	-2.931	-0.866	0.420	-0.654	-0.781	0.037	0.016	-0.283	0.060	-0.004
-0.652	2.360	0.125	0.055	-0.334	0.674	-0.398	-0.283	0.359	0.192	-0.007	-0.007
1.084	-1.845	0.409	0.123	-1.323	0.872	0.704	0.328	0.032	-0.029	0.078	-0.026
0.981	-1.434	1.645	-0.526	0.714	-0.035	-0.096	0.127	-0.005	0.003	-0.124	-0.053
0.567	-1.551	1.474	-1.154	0.677	-0.234	-0.047	0.031	0.068	0.213	-0.058	-0.052
1.663	-1.762	1.122	-1.394	0.018	-0.081	0.085	-0.218	0.224	-0.284	0.028	0.004
1.486	-1.813	0.904	-1.208	0.070	-0.147	-0.003	-0.023	0.043	-0.160	0.109	-0.034
2.464	-2.040	-0.222	1.202	-0.140	0.268	-0.491	-0.185	-0.091	0.166	0.191	0.233
1.396	-1.736	-1.130	-1.041	0.367	0.487	-0.170	0.133	-0.220	-0.007	0.123	-0.074
1.622	-1.894	-0.992	-0.419	0.287	0.463	-0.204	0.141	-0.225	-0.048	-0.033	0.015
2.005	0.344	-2.085	1.549	0.603	-0.377	0.509	0.471	0.105	-0.061	0.070	0.020
3.335	1.956	0.851	0.063	0.884	0.897	-0.141	-0.048	0.252	-0.128	-0.057	-0.046
3.711	0.147	0.195	0.279	-0.774	-0.624	-0.091	0.120	0.002	0.081	-0.114	-0.074
3.207	0.630	1.602	-1.358	-0.420	-0.480	-0.057	-0.047	-0.001	0.168	-0.026	0.112
3.423	1.021	1.482	1.036	0.016	-0.395	-0.084	-0.024	-0.035	0.124	0.177	-0.027
2.615	0.320	-0.600	0.784	-0.038	-0.789	0.455	-0.109	0.045	0.093	0.108	-0.007
2.958	0.688	-1.728	0.267	0.268	0.181	0.320	-0.246	-0.082	0.016	-0.249	-0.012
3.102	0.788	-1.603	0.988	0.359	0.249	0.220	-0.232	-0.078	0.055	-0.203	0.009